0.800000	0.000000
1.317425	0.000000
1.311758	0.002500
1.306144	0.005000
1.300585	0.007500
1.295080	0.010000
1.289630	0.012500
1.284235	0.015000
1.278896	0.017500
1.273613	0.020000
1.268385	0.022500
1.263214	0.025000
1.258099	0.027500
1.253041	0.030000
1.248040	0.032500
1.243096	0.035000
1.238209	0.037500
1.233379	0.040000
1.228606	0.042500
1.223891	0.045000
1.219233	0.047500
1.214632	0.050000
1.210088	0.052500
1.205601	0.055000
1.201172	0.057500
1.196799	0.060000
1.192483	0.062500
1.188224	0.065000
1.184021	0.067500
1.179875	0.070000
1.175785	0.072500
1.171750	0.075000
1.167771	0.077500
1.163848	0.080000
1.159979	0.082500
1.156166	0.085000
1.152407	0.087500
1.148702	0.090000
1.145051	0.092500
1.141453	0.095000
1.137908	0.097500
1.134416	0.100000
1.130977	0.102500
1.127589	0.105000
1.124252	0.107500
1.120967	0.110000
1.117732	0.112500
1.114547	0.115000
1.111411	0.117500
1.108325	0.120000
1.105288	0.122500
1.102298	0.125000
1.099356	0.127500
1.096461	0.130000
1.093613	0.132500
1.090810	0.135000
1.088054	0.137500
1.085341	0.140000
1.082674	0.142500
1.080050	0.145000
1.077469	0.147500
1.074931	0.150000
1.072434	0.152500
1.069980	0.155000
1.067566	0.157500
1.065192	0.160000
1.062858	0.162500
1.060563	0.165000
1.058307	0.167500
1.056088	0.170000
1.053906	0.172500
1.051762	0.175000
1.049653	0.177500
1.047579	0.180000
1.045541	0.182500
1.043536	0.185000
1.041566	0.187500
1.039628	0.190000
1.037722	0.192500
1.035849	0.195000
1.034006	0.197500
1.032194	0.200000
1.030412	0.202500
1.028660	0.205000
1.026936	0.207500
1.025240	0.210000
1.023572	0.212500
1.021931	0.215000
1.020317	0.217500
1.018728	0.220000
1.017165	0.222500
1.015627	0.225000
1.014113	0.227500
1.012623	0.230000
1.011155	0.232500
1.009711	0.235000
1.008289	0.237500
1.006888	0.240000
1.005508	0.242500
1.004149	0.245000
1.002811	0.247500
1.001491	0.250000
1.000192	0.252500
0.998911	0.255000
0.997648	0.257500
0.996403	0.260000
0.995175	0.262500
0.993965	0.265000
0.992771	0.267500
0.991594	0.270000
0.990432	0.272500
0.989286	0.275000
0.988154	0.277500
0.987038	0.280000
0.985936	0.282500
0.984848	0.285000
0.983774	0.287500
0.982713	0.290000
0.981666	0.292500
0.980631	0.295000
0.979609	0.297500
0.978599	0.300000
0.977602	0.302500
0.976616	0.305000
0.975642	0.307500
0.974679	0.310000
0.973727	0.312500
0.972787	0.315000
0.971857	0.317500
0.970938	0.320000
0.970029	0.322500
0.969131	0.325000
0.968243	0.327500
0.967365	0.330000
0.966497	0.332500
0.965639	0.335000
0.964790	0.337500
0.963952	0.340000
0.963122	0.342500
0.962302	0.345000
0.961492	0.347500
0.960691	0.350000
0.959899	0.352500
0.959117	0.355000
0.958344	0.357500
0.957580	0.360000
0.956825	0.362500
0.956079	0.365000
0.955343	0.367500
0.954616	0.370000
0.953898	0.372500
0.953189	0.375000
0.952489	0.377500
0.951799	0.380000
0.951118	0.382500
0.950446	0.385000
0.949783	0.387500
0.949130	0.390000
0.948486	0.392500
0.947852	0.395000
0.947227	0.397500
0.946612	0.400000
0.946006	0.402500
0.945410	0.405000
0.944823	0.407500
0.944246	0.410000
0.943679	0.412500
0.943122	0.415000
0.942574	0.417500
0.942037	0.420000
0.941509	0.422500
0.940991	0.425000
0.940483	0.427500
0.939986	0.430000
0.939498	0.432500
0.939020	0.435000
0.938553	0.437500
0.938095	0.440000
0.937648	0.442500
0.937211	0.445000
0.936784	0.447500
0.936368	0.450000
0.935961	0.452500
0.935565	0.455000
0.935179	0.457500
0.934803	0.460000
0.934438	0.462500
0.934082	0.465000
0.933737	0.467500
0.933401	0.470000
0.933076	0.472500
0.932761	0.475000
0.932455	0.477500
0.932160	0.480000
0.931874	0.482500
0.931598	0.485000
0.931332	0.487500
0.931075	0.490000
0.930828	0.492500
0.930590	0.495000
0.930362	0.497500
0.930142	0.500000
0.929932	0.502500
0.929731	0.505000
0.929539	0.507500
0.929355	0.510000
0.929181	0.512500
0.929014	0.515000
0.928856	0.517500
0.928706	0.520000
0.928565	0.522500
0.928431	0.525000
0.928305	0.527500
0.928187	0.530000
0.928076	0.532500
0.927972	0.535000
0.927876	0.537500
0.927786	0.540000
0.927704	0.542500
0.927628	0.545000
0.927558	0.547500
0.927495	0.550000
0.927438	0.552500
0.927387	0.555000
0.927341	0.557500
0.927302	0.560000
0.927268	0.562500
0.927239	0.565000
0.927215	0.567500
0.927196	0.570000
0.927183	0.572500
0.927173	0.575000
0.927169	0.577500
0.927169	0.580000
0.927173	0.582500
0.927181	0.585000
0.927193	0.587500
0.927209	0.590000
0.927229	0.592500
0.927252	0.595000
0.927279	0.597500
0.927309	0.600000
0.927343	0.602500
0.927379	0.605000
0.927419	0.607500
0.927462	0.610000
0.927508	0.612500
0.927557	0.615000
0.927609	0.617500
0.927664	0.620000
0.927722	0.622500
0.927782	0.625000
0.927845	0.627500
0.927911	0.630000
0.927980	0.632500
0.928051	0.635000
0.928126	0.637500
0.928203	0.640000
0.928283	0.642500
0.928366	0.645000
0.928452	0.647500
0.928540	0.650000
0.928632	0.652500
0.928727	0.655000
0.928825	0.657500
0.928927	0.660000
0.929032	0.662500
0.929140	0.665000
0.929252	0.667500
0.929367	0.670000
0.929487	0.672500
0.929610	0.675000
0.929737	0.677500
0.929868	0.680000
0.930004	0.682500
0.930144	0.685000
0.930288	0.687500
0.930437	0.690000
0.930590	0.692500
0.930749	0.695000
0.930912	0.697500
0.931081	0.700000
0.931254	0.702500
0.931433	0.705000
0.931618	0.707500
0.931808	0.710000
0.932003	0.712500
0.932204	0.715000
0.932411	0.717500
0.932624	0.720000
0.932842	0.722500
0.933067	0.725000
0.933297	0.727500
0.933534	0.730000
0.933776	0.732500
0.934025	0.735000
0.934279	0.737500
0.934540	0.740000
0.934807	0.742500
0.935080	0.745000
0.935358	0.747500
0.935643	0.750000
0.935933	0.752500
0.936229	0.755000
0.936530	0.757500
0.936837	0.760000
0.937149	0.762500
0.937466	0.765000
0.937788	0.767500
0.938115	0.770000
0.938446	0.772500
0.938782	0.775000
0.939122	0.777500
0.939465	0.780000
0.939812	0.782500
0.940163	0.785000
0.940516	0.787500
0.940872	0.790000
0.941231	0.792500
0.941591	0.795000
0.941953	0.797500
0.942317	0.800000
0.942682	0.802500
0.943047	0.805000
0.943413	0.807500
0.943779	0.810000
0.944144	0.812500
0.944509	0.815000
0.944873	0.817500
0.945235	0.820000
0.945596	0.822500
0.945954	0.825000
0.946311	0.827500
0.946664	0.830000
0.947015	0.832500
0.947362	0.835000
0.947706	0.837500
0.948046	0.840000
0.948382	0.842500
0.948714	0.845000
0.949042	0.847500
0.949365	0.850000
0.949684	0.852500
0.949998	0.855000
0.950307	0.857500
0.950612	0.860000
0.950912	0.862500
0.951207	0.865000
0.951497	0.867500
0.951783	0.870000
0.952064	0.872500
0.952341	0.875000
0.952613	0.877500
0.952882	0.880000
0.953147	0.882500
0.953408	0.885000
0.953666	0.887500
0.953921	0.890000
0.954173	0.892500
0.954423	0.895000
0.954670	0.897500
0.954915	0.900000
0.955158	0.902500
0.955399	0.905000
0.955639	0.907500
0.955877	0.910000
0.956113	0.912500
0.956347	0.915000
0.956579	0.917500
0.956809	0.920000
0.957036	0.922500
0.957259	0.925000
0.957477	0.927500
0.957690	0.930000
0.957896	0.932500
0.958094	0.935000
0.958281	0.937500
0.958455	0.940000
0.958614	0.942500
0.958755	0.945000
0.958875	0.947500
0.958968	0.950000
0.959031	0.952500
0.959060	0.955000
0.959047	0.957500
0.958987	0.960000
0.958873	0.962500
0.958697	0.965000
0.958450	0.967500
0.958123	0.970000
0.957706	0.972500
0.957186	0.975000
0.956551	0.977500
0.955788	0.980000
0.954882	0.982500
0.953817	0.985000
0.952577	0.987500
0.951142	0.990000
0.949494	0.992500
0.947611	0.995000
0.945473	0.997500
0.943055	1.000000
1.400000	1.000000